EN
0
210
552.799
1
0.5
1
3
210
552.799
100
100
4
0
0
0
0
5
1
0
0
6
1
0
EN
0
-521.67
652.799
2
1815.77
98.7482
3
-521.67
652.799
1815.77
98.7482
5
1
1
1
EN
0
794.952
458.187
2
201.841
51.5381
3
794.952
458.187
201.841
51.5381
5
1
1
1
EN
0
-299.263
-748.468
2
299.675
1290.48
3
-299.263
-748.468
299.675
1290.48
5
1
1
1
EN
0
999.47
-1456.69
2
298.509
2117.71
3
999.47
-1456.69
298.509
2117.71
5
1
1
1
EN
0
1.67735
247.834
2
196.418
40.6309
3
1.67735
247.834
196.418
40.6309
5
1
1
1
EN
0
869.884
47.2067
2
133.052
32.0906
3
869.884
47.2067
133.052
32.0906
5
1
1
1
EN
0
699.273
-752.792
2
306.045
105.75
3
699.273
-752.792
306.045
105.75
5
1
1
1
EN
0
-5.11865
-143.792
2
204.586
33.8423
3
-5.11865
-143.792
204.586
33.8423
5
1
1
1
EN
0
598.441
-348.61
2
201.28
48.7213
3
598.441
-348.61
201.28
48.7213
5
1
1
1
EN
0
-0.46405
-747.056
2
300.312
96.5557
3
-0.46405
-747.056
300.312
96.5557
5
1
1
1
EN
0
193.421
-650.407
2
209.201
53.4129
3
193.421
-650.407
209.201
53.4129
5
1
1
1
EN
0
-297.863
-1047.63
2
305.846
303.217
3
-297.863
-1047.63
305.846
303.217
5
1
1
1
EN
0
-602.427
-850.111
2
304.447
304.448
3
-602.427
-850.111
304.447
304.448
5
1
1
1
EN
0
-510.906
-1663.35
2
502.662
322.54
3
-510.906
-1663.35
502.662
322.54
5
1
1
1
EN
0
-915.172
-1345.31
2
120.971
799.523
3
-915.172
-1345.31
120.971
799.523
5
1
1
1
EN
0
-912.5
-1356.24
2
422.17
210.982
3
-912.5
-1356.24
422.17
210.982
5
1
1
1
EN
0
-794.255
-1158.38
2
212.487
122.844
3
-794.255
-1158.38
212.487
122.844
5
1
1
1
EN
0
-1506.41
-150.751
2
1210.1
207.008
3
-1506.41
-150.751
1210.1
207.008
5
1
1
1
EN
0
-522.579
44.5834
2
223.367
407.866
3
-522.579
44.5834
223.367
407.866
5
1
1
1
EN
0
-896.464
740.539
2
788.898
106.41
3
-896.464
740.539
788.898
106.41
5
1
1
1
EN
0
-1507.32
46.2422
2
615.59
815.803
3
-1507.32
46.2422
615.59
815.803
5
1
1
1
EN
0
-900.134
50.7117
2
381.607
311.89
3
-900.134
50.7117
381.607
311.89
5
1
1
1
EN
0
-1696.48
-416.301
2
291.974
64.8832
3
-1696.48
-416.301
291.974
64.8832
5
1
1
1
EN
0
-3689.83
-1545.7
2
2340.99
293.028
3
-3689.83
-1545.7
2340.99
293.028
5
1
1
1
EN
0
-1505.12
-908.186
2
498.789
56.7729
3
-1505.12
-908.186
498.789
56.7729
5
1
1
1
EN
0
-2107.4
-649.175
2
215.072
46.5509
3
-2107.4
-649.175
215.072
46.5509
5
1
1
1
EN
0
-2397.01
-155.77
2
897.391
1010.41
3
-2397.01
-155.77
897.391
1010.41
5
1
1
1
EN
0
-2405.2
-950.802
2
311.279
809.407
3
-2405.2
-950.802
311.279
809.407
5
1
1
1
EN
0
385.257
-1045.63
2
327.163
58.2619
3
385.257
-1045.63
327.163
58.2619
5
1
1
1
EN
0
-1351.45
-1446.49
2
256.043
194.368
3
-1351.45
-1446.49
256.043
194.368
5
1
1
1
EN
0
-4499.65
-1256.18
2
1592.59
398.772
3
-4499.65
-1256.18
1592.59
398.772
5
1
1
1
EN
0
-2800.41
-551.191
2
297.213
62.378
3
-2800.41
-551.191
297.213
62.378
5
1
1
1
EN
0
-3398.12
-105.6
2
300.882
58.7087
3
-3398.12
-105.6
300.882
58.7087
5
1
1
1
EN
0
-4504.52
155.984
2
1208.12
196.943
3
-4504.52
155.984
1208.12
196.943
5
1
1
1
EN
0
-3297.7
248.091
2
901.93
101.581
3
-3297.7
248.091
901.93
101.581
5
1
1
1
EN
0
-1608.52
-2590.52
2
225.295
1047.44
3
-1608.52
-2590.52
225.295
1047.44
5
1
1
1
EN
0
-1285.29
-2221.34
2
303.421
69.0957
3
-1285.29
-2221.34
303.421
69.0957
5
1
1
1
EN
0
-984.483
-1821.56
2
288.476
67.4829
3
-984.483
-1821.56
288.476
67.4829
5
1
1
1
EN
0
-4502.84
-862.843
2
501.04
709.871
3
-4502.84
-862.843
501.04
709.871
5
1
1
1
EN
0
-5810.38
346.989
2
3461.74
403.031
3
-5810.38
346.989
3461.74
403.031
5
1
1
1
EN
0
-6109.7
49.7755
2
311.511
699.199
3
-6109.7
49.7755
311.511
699.199
5
1
1
1
EN
0
-6100.23
1043.93
2
312.453
1173.28
3
-6100.23
1043.93
312.453
1173.28
5
1
1
1
EN
0
-5790.63
1254.13
2
594.604
957.197
3
-5790.63
1254.13
594.604
957.197
5
1
1
1
EN
0
-5207.75
745.466
2
6516.59
1459.62
3
-5207.75
745.466
6516.59
1459.62
5
1
1
1
EN
0
-7214.16
-1159.03
2
417.527
3403.89
3
-7214.16
-1159.03
417.527
3403.89
5
1
1
1
EN
0
-6589.89
1354.33
2
300.882
47.7009
3
-6589.89
1354.33
300.882
47.7009
5
1
1
1
EN
0
-6799.04
1962.26
2
722.852
289.874
3
-6799.04
1962.26
722.852
289.874
5
1
1
1
EN
0
-6798.38
988.718
2
296.029
52.7178
3
-6798.38
988.718
296.029
52.7178
5
1
1
1
EN
0
-6402.75
652.326
2
300.882
91.7324
3
-6402.75
652.326
300.882
91.7324
5
1
1
1
EN
0
-6803.82
-250.622
2
499.84
88.9893
3
-6803.82
-250.622
499.84
88.9893
5
1
1
1
EN
0
-6302.66
42.8242
2
202.527
119.524
3
-6302.66
42.8242
202.527
119.524
5
1
1
1
EN
0
-6257.43
-551.917
2
356.306
105.47
3
-6257.43
-551.917
356.306
105.47
5
1
1
1
EN
0
-5899.69
-653.485
2
1199.86
410.961
3
-5899.69
-653.485
1199.86
410.961
5
1
1
1
EN
0
-5698.96
-851.627
2
599.76
200.505
3
-5698.96
-851.627
599.76
200.505
5
1
1
1
EN
0
-4893.45
-1144.17
2
401.734
195.887
3
-4893.45
-1144.17
401.734
195.887
5
1
1
1
EN
0
-5200.37
-1677.94
2
310.838
56.3323
3
-5200.37
-1677.94
310.838
56.3323
5
1
1
1
EN
0
-7216.15
-1628.26
2
1518.88
468.205
3
-7216.15
-1628.26
1518.88
468.205
5
1
1
1
EN
0
-6301.11
-1952.74
2
1101.87
334.505
3
-6301.11
-1952.74
1101.87
334.505
5
1
1
1
EN
0
-4498.81
-3158.79
2
495.836
1115.35
3
-4498.81
-3158.79
495.836
1115.35
5
1
1
1
EN
0
-4499.25
-1788.22
2
829.619
541.088
3
-4499.25
-1788.22
829.619
541.088
5
1
1
1
EN
0
-6803.77
350.604
2
405.22
59.2875
3
-6803.77
350.604
405.22
59.2875
5
1
1
1
EN
0
-6771.36
1643.13
2
288.85
86.3231
3
-6771.36
1643.13
288.85
86.3231
5
1
1
1
EN
0
-4960.08
-2100.2
2
458.83
53.6597
3
-4960.08
-2100.2
458.83
53.6597
5
1
1
1
EN
0
-4959.08
-2205.57
2
115.975
106.561
3
-4959.08
-2205.57
115.975
106.561
5
1
1
1
EN
0
-4731.96
-1401.48
2
241.927
48.9291
3
-4731.96
-1401.48
241.927
48.9291
5
1
1
1
EN
0
-5700.3
-1623.45
2
399.587
266.392
3
-5700.3
-1623.45
399.587
266.392
5
1
1
1
EN
0
-6100.93
-2407.6
2
505.601
456.671
3
-6100.93
-2407.6
505.601
456.671
5
1
1
1
EN
0
-5499.05
-3176.49
2
1005.71
523.599
3
-5499.05
-3176.49
1005.71
523.599
5
1
1
1
EN
0
-7490.58
-3287.59
2
1417.5
1337.05
3
-7490.58
-3287.59
1417.5
1337.05
5
1
1
1
EN
0
-6079.4
-3436.56
2
584.123
488.1
3
-6079.4
-3436.56
584.123
488.1
5
1
1
1
EN
0
-3203.72
-1953.15
2
302.135
59.4364
3
-3203.72
-1953.15
302.135
59.4364
5
1
1
1
EN
0
-2300.03
-2245.38
2
316.994
59.4363
3
-2300.03
-2245.38
316.994
59.4363
5
1
1
1
EN
0
-4011.67
-3615.95
2
5318.76
667.531
3
-4011.67
-3615.95
5318.76
667.531
5
1
1
1
EN
0
-1108.45
-2951.28
2
2407.21
470.251
3
-1108.45
-2951.28
2407.21
470.251
5
1
1
1
EN
0
-502.878
-2494.47
2
506.43
537.802
3
-502.878
-2494.47
506.43
537.802
5
1
1
1
