EN
0
-600
50
2
1200
500
0
3
-600
50
1200
500
5
1
1
1
EN
0
-1000
-100
2
400
650
0
3
-1000
-100
400
650
5
1
1
1
EN
0
-1500
50
2
500
500
0
3
-1500
50
500
500
5
1
1
1
EN
0
-1500
-650
2
500
250
0
3
-1500
-650
500
250
5
1
1
1
EN
0
-1000
-1350
2
400
1100
0
3
-1000
-1350
400
1100
5
1
1
1
EN
0
-1950
-650
2
450
1200
0
3
-1950
-650
450
1200
5
1
1
1
EN
0
250
-100
2
350
150
0
3
250
-100
350
150
5
1
1
1
EN
0
600
-1900
2
500
2450
0
3
600
-1900
500
2450
5
1
1
1
EN
0
-600
-350
2
250
50
1
3
-600
-350
250
50
5
1
1
1
EN
0
250
-450
2
350
350
1
3
250
-450
350
350
5
1
1
1
EN
0
-600
-700
2
300
50
1
3
-600
-700
300
50
5
1
1
1
EN
0
100
-900
2
200
50
1
3
100
-900
200
50
5
1
1
1
EN
0
-600
-1200
2
400
100
0
3
-600
-1200
400
100
5
1
1
1
EN
0
200
-1200
2
400
100
0
3
200
-1200
400
100
5
1
1
1
EN
0
-100
-1500
2
200
50
1
3
-100
-1500
200
50
5
1
1
1
EN
0
-1300
-1150
2
300
200
0
3
-1300
-1150
300
200
5
1
1
1
EN
0
-1550
-1700
2
350
300
0
3
-1550
-1700
350
300
5
1
1
1
EN
0
-1200
-1950
2
600
300
0
3
-1200
-1950
600
300
5
1
1
1
EN
0
-1650
-1700
2
100
550
0
3
-1650
-1700
100
550
5
1
1
1
EN
0
-2000
-2850
2
2900
400
0
3
-2000
-2850
2900
400
5
1
1
1
EN
0
-3000
-650
2
1050
1200
0
3
-3000
-650
1050
1200
5
1
1
1
EN
0
-1675
-900
2
300
50
1
3
-1675
-900
300
50
5
1
1
1
EN
0
-2300
-1700
2
400
250
0
3
-2300
-1700
400
250
5
1
1
1
EN
0
-3000
-850
2
400
200
0
3
-3000
-850
400
200
5
1
1
1
EN
0
-1500
-2450
2
1100
200
0
3
-1500
-2450
1100
200
5
1
1
1
EN
0
-1900
-1950
2
300
50
1
3
-1900
-1950
300
50
5
1
1
1
EN
0
-2200
-2150
2
300
50
1
3
-2200
-2150
300
50
5
1
1
1
EN
0
-2600
-2350
2
300
900
0
3
-2600
-2350
300
900
5
1
1
1
EN
0
-4600
-1550
2
2000
300
0
3
-4600
-1550
2000
300
5
1
1
1
EN
0
-4600
-2850
2
2600
250
0
3
-4600
-2850
2600
250
5
1
1
1
EN
0
-4600
-2600
2
150
750
0
3
-4600
-2600
150
750
5
1
1
1
EN
0
-2850
-2100
2
250
50
1
3
-2850
-2100
250
50
5
1
1
1
EN
0
-4050
-1800
2
300
50
1
3
-4050
-1800
300
50
5
1
1
1
EN
0
-5200
-1950
2
600
100
0
3
-5200
-1950
600
100
5
1
1
1
EN
0
-5200
-2150
2
100
200
0
3
-5200
-2150
100
200
5
1
1
1
EN
0
-5800
-1850
2
400
100
0
3
-5800
-1850
400
100
5
1
1
1
EN
0
-5800
-1900
2
200
100
0
3
-5800
-1900
200
100
5
1
1
1
EN
0
-5050
-2850
2
450
500
0
3
-5050
-2850
450
500
5
1
1
1
EN
0
-5950
-2850
2
900
250
0
3
-5950
-2850
900
250
5
1
1
1
EN
0
-6300
-2350
2
500
600
0
3
-6300
-2350
500
600
5
1
1
1
EN
0
-6800
-2850
2
500
1100
0
3
-6800
-2850
500
1100
5
1
1
1
EN
0
-6800
-3050
2
1000
200
0
3
-6800
-3050
1000
200
5
1
1
1
EN
0
-5000
-1250
2
400
300
0
3
-5000
-1250
400
300
5
1
1
1
EN
0
-4600
-1250
2
1300
350
0
3
-4600
-1250
1300
350
5
1
1
1
EN
0
-3450
-400
2
200
50
1
3
-3450
-400
200
50
5
1
1
1
EN
0
-4100
0
2
300
50
1
3
-4100
0
300
50
5
1
1
1
EN
0
-4600
-900
2
400
650
0
3
-4600
-900
400
650
5
1
1
1
EN
0
-5350
-950
2
750
200
0
3
-5350
-950
750
200
5
1
1
1
EN
0
-4650
350
2
1000
150
0
3
-4650
350
1000
150
5
1
1
1
EN
0
-5900
500
2
2900
400
0
3
-5900
500
2900
400
5
1
1
1
EN
0
-6300
250
2
400
650
0
3
-6300
250
400
650
5
1
1
1
EN
0
-6300
1250
2
400
700
0
3
-6300
1250
400
700
5
1
1
1
EN
0
-5900
1550
2
950
400
0
3
-5900
1550
950
400
5
1
1
1
EN
0
-4950
900
2
600
1050
0
3
-4950
900
600
1050
5
1
1
1
EN
0
-7100
250
2
300
200
0
3
-7100
250
300
200
5
1
1
1
EN
0
-7400
-850
2
300
2800
0
3
-7400
-850
300
2800
5
1
1
1
EN
0
-6850
1150
2
300
50
1
3
-6850
1150
300
50
5
1
1
1
EN
0
-6550
850
2
250
50
1
3
-6550
850
250
50
5
1
1
1
EN
0
-6700
-50
2
300
50
1
3
-6700
-50
300
50
5
1
1
1
EN
0
-7100
1700
2
800
250
0
3
-7100
1700
800
250
5
1
1
1
EN
0
-6200
-350
2
1050
250
0
3
-6200
-350
1050
250
5
1
1
1
EN
0
-7400
-1150
2
1050
300
0
3
-7400
-1150
1050
300
5
1
1
1
EN
0
-6050
-450
2
400
100
0
3
-6050
-450
400
100
5
1
1
1
EN
0
-6300
-750
2
250
50
1
3
-6300
-750
250
50
5
1
1
1
EN
0
-6800
-1750
2
1200
600
0
3
-6800
-1750
1200
600
5
1
1
1
EN
0
-5350
-1550
2
300
50
1
3
-5350
-1550
300
50
5
1
1
1
EN
0
-6850
550
2
250
50
1
3
-6850
550
250
50
5
1
1
1
EN
0
-1550
-1400
2
50
250
0
3
-1550
-1400
50
250
5
1
1
4
EN
0
-1300
-950
2
300
50
0
3
-1300
-950
300
50
5
1
1
4
EN
0
-2150
-700
2
1150
50
0
3
-2150
-700
1150
50
5
1
1
4
EN
0
-1050
-900
2
50
200
0
3
-1050
-900
50
200
5
1
1
4
EN
0
-3650
300
2
650
200
0
3
-3650
300
650
200
5
1
1
4
EN
0
-4200
-1650
2
1600
100
0
3
-4200
-1650
1600
100
5
1
1
4
EN
0
-7100
-850
2
550
100
0
3
-7100
-850
550
100
5
1
1
4
EN
0
-7100
-750
2
100
400
0
3
-7100
-750
100
400
5
1
1
4
EN
0
-7100
-50
2
100
300
0
3
-7100
-50
100
300
5
1
1
4
EN
0
-7100
1250
2
100
450
0
3
-7100
1250
100
450
5
1
1
4
EN
0
-6400
1250
2
100
450
0
3
-6400
1250
100
450
5
1
1
4
EN
0
-7000
1600
2
600
100
0
3
-7000
1600
600
100
5
1
1
4
EN
0
-900
-1650
2
100
300
0
3
-900
-1650
100
300
5
1
1
5
EN
0
-2850
-1250
2
100
400
0
3
-2850
-1250
100
400
5
1
1
5
EN
0
-4450
-250
2
100
600
0
3
-4450
-250
100
600
5
1
1
5
EN
0
-2500
-2600
2
100
250
0
3
-2500
-2600
100
250
5
1
1
5
EN
0
-4500
-1850
2
100
300
0
3
-4500
-1850
100
300
5
1
1
5
EN
0
-6200
-100
2
100
350
0
3
-6200
-100
100
350
5
1
1
5
EN
0
-6200
900
2
100
350
0
3
-6200
900
100
350
5
1
1
5
EN
0
-6200
-875
5
1
0
6
9
0
0
0
18
0
1
0
EN
0
-6375
-1900
5
1
0
6
9
0
0
0
17
0
1
0
EN
0
-6400
-2900
5
1
0
6
9
0
0
0
16
0
1
0
EN
0
-4475
-2850
5
1
0
6
9
0
0
0
15
0
1
0
EN
0
-7150
-900
5
1
0
6
9
0
0
0
19
0
1
0
EN
0
-875
-2625
5
1
0
6
9
0
0
0
13
1
1
0
EN
0
-2475
-2800
5
1
0
6
9
0
0
0
14
0
1
0
EN
0
-600
-1425
5
1
0
6
9
0
0
0
12
0
1
0
EN
0
-7225
325
5
1
0
6
9
0
0
0
20
0
1
0
EN
0
-6250
800
5
1
0
6
9
0
0
0
21
0
1
0
EN
0
-6200
-200
5
1
0
6
9
0
0
0
22
0
1
0
EN
0
-2675
-1675
5
1
0
6
9
0
0
0
25
0
1
0
EN
0
-1725
-575
5
1
0
6
9
0
0
0
26
0
1
0
EN
0
375
-1100
2
250
650
0
3
375
-1100
250
650
5
1
1
1
EN
0
-50
-50
3
-50
-50
100
100
4
0
0
0
0
5
1
0
0
6
1
0
9
0
0
0
1
1
1
0
EN
0
-425
-700
5
1
0
6
9
0
1
0
27
0
1
0
EN
0
75
-900
5
1
0
6
9
0
0
0
28
0
1
0
EN
0
-525
-700
5
1
0
6
9
0
0
0
27
0
1
0
EN
0
375
-650
5
1
0
6
9
0
0
0
38
0
1
0
EN
0
375
-825
5
1
0
6
9
0
0
0
37
0
1
0
EN
0
-600
-700
5
1
0
6
9
0
0
0
27
0
1
0
EN
0
225
-450
5
1
0
6
9
0
0
0
33
0
1
0
EN
0
250
-350
5
1
0
6
9
0
0
0
39
0
1
0
EN
0
250
-175
5
1
0
6
9
0
0
0
38
0
1
0
EN
0
-600
50
5
1
0
6
9
0
0
0
35
0
1
0
EN
0
-575
-350
5
1
0
6
9
0
0
0
30
0
1
0
EN
0
50
50
5
1
0
6
9
0
0
0
35
0
1
0
