EN
0
667.525
425
3
692.525
425.835
100
100
4
0
0
0
0
5
1
0
0
6
1
0
9
0
0
0
1
1
1
0
11
32
0
30
30
70
70
255
255
255
178
0.866025
0.5
120
350
600
0.5
1
5
10
2
0
1
100
0
0
EN
0
-125
525
2
2400
100
0
3
-125
525
2400
100
5
1
1
1
EN
0
0
0
5
1
1
9
11
32
0
38.5
41.5
78.5
81.5
255
255
255
178
0.866025
0.5
120
350
600
0.5
1
5
10
2
0
1
100
0
0
EN
0
200
350
3
200
350
100
100
5
1
0
2
7
0
9
1
0
0
76
0
1
0
10
5
11
77
EN
0
1075
350
3
1075
350
100
100
5
1
0
2
7
0
9
1
0
0
77
0
1
0
10
5
3
76
EN
0
1483.59
422.252
2
100
100
0
3
1483.59
422.252
100
100
5
1
1
3
8
76
2
